111111111222222222333333333444444444555555555666666666
152353532664644166355653541136542242124212546316134231
244361626433141251456526112456245366212335423551315643
342316313613655444425312253146251656236311152244654526
431235553313656243522544141142655522661163643366212414
621353554446354452221341312266214311263551523163546466
661331545234345536362244161456155262544251241132636321
352514143261225254352416651411122531346632664436553436
634635364531253636111155624432225554154264423421266131
446162643156342526361641331454131325524525411355263262
315562534114224665642524561143633363516141122635244523
552533254126211323242363245631166466411421465563453514
146345455544532246656352414612312526223131666134531123
526521646131666343146521423232612515453556234314542143
545335225564213236353114421664462331524126565642113416
515241423626362554152434251423461126166356231356431543
231124612353213411544463662562165354352524156426136345
243665122433523655465264411115421162634555633463241231
351534462133621512626646112662234554335144425536154132
216442424621421123365613214364433215516552363345656551
513631446625246522422134432351551566223136115346461345
436461422236555531133456361325414244225666452131561132
446321465452651644532556312436143251315564312332226116
446233366355626512224436452354131253141111366445521256
361516214244123533642461622524553315644461633612513255
256452255664451232533153446614264116353451611313232642
416111532254335633642531555624652152644211213234436466
315454166336556161224625234665136523151432145242323144
451546312123661431541453213265535423331162524426645662
314413411262156234434521236533625525213625655664631441
135213132345246656216152326446561521443313654534261452
363466542431622423445312366611233125546551252315516144
545333546341356321222312465652443156364611456261124251
222613345656234156445313652515366432413114162312552644
566262564243544141423362134332143216545163152351251656
534233464642125431214635415141315263465225665231312656
455112126135236523315466645424444526152141236335326613
531252324511435453111263466442115563622663442645216335
512322645663424654414323451314113656562145513263322516
636256515311542144562264344521354525116233434623136216
564614241443114516345556134536365311322252662512642233
666125451243135543233635641645456153511122232634242461
115244663142324122443151554255565331143336625466662123
516335414114352252641152246266334513552433253164264166
155363464532126412124336443625235216541165131446262355
456115536622521163425646533633424161422421412355543361
652456121551541664233215654133362243351464445223321661
155616316151153634242534241451624242223536643426316553
232341431145123135115133542663425231526264256444665566
643153233342242566141431515665535211325662416245142346
112311434143466235432515116235224446162466265635335255
